g = 9.81;
m = 1;
l = 4;